2 0.2729390640625 0.314376565625 0.2726206828125 0.3714328421875 0.3580585609375 0.3734961765625 0.363593390625 0.3525439015625 0.3950378109375 0.352591609375 0.39457885 0.32953006875 0.4247097109375 0.281443096875 0.3149679140625 0.2509612125 0.2729390640625 0.314376565625
2 0.395069071875 0.3290793109375 0.3976390828125 0.351634684375 0.485399334375 0.3581781828125 0.485799215625 0.40930391874999994 0.5414114796875 0.3080371703125 0.5442837890625001 0.2915488953125 0.43272331406250003 0.26654806875000003 0.395069071875 0.3290793109375
2 0.241400084375 0.36910151875 0.2259388859375 0.4404980796875 0.22654861875 0.47959949999999996 0.30638058125 0.4714708703125 0.3067303890625 0.45143042187500004 0.3494847984375 0.4451604015625 0.35550807500000003 0.3741329125 0.241400084375 0.36910151875
2 0.4839576734375 0.358202678125 0.3644608 0.352205346875 0.3534108046875 0.4176649171875 0.3546610421875 0.44474959687500004 0.427998634375 0.43851225156250007 0.4491210453125 0.48699270625 0.48201930624999995 0.428429578125 0.4839576734375 0.358202678125
2 0.1803853953125 0.48396668125 0.176937934375 0.5724602562500001 0.2851223546875 0.5610655734375001 0.3088012484375 0.6489257359375 0.32976459375 0.6470778015625 0.332977978125 0.54474359375 0.3062465796875 0.4707152703125 0.1803853953125 0.48396668125
2 0.4257032984375 0.43788378124999994 0.3075127578125 0.450210734375 0.3047969265625 0.46953446249999997 0.3295726171875 0.5313283328125 0.32758029375 0.5269386421875 0.3344143390625 0.5442152124999999 0.33024018593750004 0.647086103125 0.3730987421875 0.6445134453125 0.37735248125 0.5643358765625 0.4548548125 0.5120029265625 0.4257032984375 0.43788378124999994
2 0.25505623437499997 0.7798475546875 0.257823453125 0.65334270625 0.3083586046875 0.6470298125 0.2851166734375 0.561391128125 0.15447456406249999 0.578481896875 0.15370895625 0.704104171875 0.1750293171875 0.790816221875 0.25505623437499997 0.7798475546875
2 0.2581535015625 0.8797140046875 0.383303671875 0.8774708062500001 0.3900967234375 0.8698409171874999 0.39804409218750003 0.741576715625 0.389204203125 0.648440978125 0.2584793234375 0.6518832515625 0.2581535015625 0.8797140046875
2 0.4017217046875 0.6274723734375 0.39858744218750003 0.7141492046875 0.4003778578125 0.742835903125 0.3938666609375 0.8533453921874999 0.5353593203125 0.85248313125 0.5422891890625 0.717990340625 0.5381329546875 0.6279531625 0.4017217046875 0.6274723734375
2 0.389981071875 0.6493577203124999 0.397418734375 0.709888175 0.40298546249999995 0.626260546875 0.4785931921875 0.626247471875 0.5644208234375 0.56576996875 0.4680772765625 0.5067775046875 0.378825628125 0.5665288109375 0.3733753890625 0.6490678671875 0.389981071875 0.6493577203124999
2 0.58867894375 0.816761571875 0.6923850734375 0.8805473750000001 0.7749747421875 0.8086844671875 0.7858082015625001 0.6802574671875 0.6833245156250001 0.617389421875 0.5967888984374999 0.6802901453125 0.58867894375 0.816761571875
2 0.7804328484374999 0.7565693046875 0.8261934421875001 0.7620677015624999 0.8464444296875 0.6191442031250001 0.8511011234374999 0.5492529921875 0.7197265515625 0.5283004890624999 0.697156215625 0.6072087421875 0.69522905625 0.61917033125 0.7863492953125 0.6820701015624999 0.7804328484374999 0.7565693046875
2 0.5060702109374999 0.6271974874999999 0.5397727765625 0.6324505546875 0.5415134953125 0.762429853125 0.59012834375 0.7874104296875 0.5979259390625 0.68078034375 0.6815561515625 0.6149332515625 0.6957318421875 0.6231775515625 0.6994815078125 0.6052500703125 0.5985803265625 0.544845225 0.5104506203125 0.6059489421875 0.5060702109374999 0.6271974874999999
2 0.6122365390625 0.451590871875 0.487668403125 0.42149544062500005 0.4488712625 0.4913892296875 0.45650401562500004 0.5135138109375 0.464613584375 0.5083241296875001 0.5649537953125 0.5680527875 0.5719181203125 0.5628430921875001 0.5772199859375 0.5216185421875 0.6122365390625 0.451590871875
2 0.5176661828125 0.35664348437500004 0.48405992031249995 0.4230989390625 0.6025719671875 0.447423759375 0.6312433109375 0.3799509359375 0.5176661828125 0.35664348437500004
2 0.6312200531250001 0.3812833453125 0.6524183015625 0.3809869421875 0.6569702515625 0.31709154375000004 0.5515023546875 0.29262399375000003 0.5176429265625 0.35797589375 0.6312200531250001 0.3812833453125
2 0.65525374375 0.37942561406249997 0.75053499375 0.404024528125 0.7516946671875 0.43603219062500004 0.7663006171875 0.4196270203125 0.786809846875 0.42598266406249996 0.79474821875 0.332158165625 0.68224651875 0.3128679171875 0.65525374375 0.37942561406249997
2 0.572592225 0.5612958859375 0.5986035828125 0.54351281875 0.698955378125 0.6025752578125 0.72143276875 0.5289966921875 0.7328384453125001 0.5318613828125 0.73182994375 0.4911931015625 0.6115791171875 0.4564402765625 0.5742488578125 0.527760403125 0.572592225 0.5612958859375
2 0.853944334375 0.5504393671875001 0.8461929171874999 0.5994012640624999 0.866800396875 0.5686566765625 0.87577646875 0.4481941171875 0.7577347343749999 0.418144690625 0.717108284375 0.4814104171875 0.7329436796875 0.493015709375 0.7322692203125001 0.531655403125 0.83567899375 0.546788521875 0.853944334375 0.5504393671875001
2 0.7518342109375 0.42803776562499996 0.74998560625 0.402682125 0.6352632765624999 0.37935468437500003 0.6037520546875 0.445445121875 0.6117082 0.453657259375 0.7187796140625 0.48410519374999994 0.7518342109375 0.42803776562499996