2 0.841144803125 0.278980721875 0.9099216109375 0.2739849328125 0.91523655 0.21434037031250003 0.90199780625 0.157106165625 0.8295957421875 0.16519894375 0.8258693046875001 0.2221423984375 0.841144803125 0.278980721875
0 0.6783167078125001 0.31661205468750003 0.740047159375 0.32973208125000003 0.7681926531250001 0.2788073546875 0.7560741203125 0.2273361390625 0.6889262406250001 0.20809233124999998 0.6653601296875 0.265398571875 0.6783167078125001 0.31661205468750003
1 0.5468930015625 0.31464675937500003 0.611780175 0.3331338921875 0.64263455625 0.2852711015625 0.6282553890625 0.2330431765625 0.5634903359375001 0.20974768125 0.5337204203125 0.2610744921875 0.5468930015625 0.31464675937500003
1 0.5592161109375 0.43784729999999994 0.62512158125 0.45613649843750004 0.645589003125 0.39833121562499996 0.6276049390625 0.3384309390625 0.566543465625 0.3279793484375 0.545529196875 0.3783078765625 0.5592161109375 0.43784729999999994
1 0.15635185625 0.5508445937500001 0.20268541875 0.5717420515625 0.25129915468749997 0.5228194578124999 0.234883315625 0.470987421875 0.17555599375 0.44304649375 0.1360851421875 0.4924150421875 0.15635185625 0.5508445937500001
1 0.0447856046875 0.5749231406249999 0.10973355468749998 0.5611024078125 0.10781834374999999 0.49688248437500004 0.08934563281249999 0.45621564374999996 0.0241939234375 0.458114471875 0.028839479687500003 0.5252263859374999 0.0447856046875 0.5749231406249999
1 0.6018883734375 0.8422249859375001 0.64807951875 0.8787000421875 0.70166269375 0.8335961140625001 0.6924567265625 0.797108759375 0.6449415125 0.7429487140625 0.5918431671875 0.7911882765625 0.6018883734375 0.8422249859375001
1 0.766383065625 0.51958559375 0.7718531093750001 0.5617682734375 0.7946110187500001 0.54519855625 0.8168916546875 0.545652265625 0.848174575 0.5706714046875 0.87524125 0.5522525265625 0.86809206875 0.5045999453125 0.8107196296874999 0.45953293124999994 0.766383065625 0.51958559375
2 0.2641722734375 0.6542861624999999 0.19932624999999998 0.6740678890625 0.2211394125 0.7427931109375 0.231913675 0.78734864375 0.301013225 0.76994804375 0.28588350937499996 0.7170503953125 0.2641722734375 0.6542861624999999
2 0.3953892625 0.40509981249999993 0.46208906718750004 0.422038475 0.49440983125000004 0.376282959375 0.47992866875000006 0.318094103125 0.41933872031249997 0.29996780625 0.3861957609375 0.358548553125 0.3953892625 0.40509981249999993
0 0.3278366578125 0.6012419343750001 0.3954731359375 0.601252475 0.40427075625000003 0.5540885484375 0.3901358296875 0.492243896875 0.3171837609375 0.49207051562500004 0.3083390734375 0.556147078125 0.3278366578125 0.6012419343750001
0 0.6631077421875 0.705925365625 0.7320885359375 0.7128514 0.7445112703125 0.6625905999999999 0.7326369953125 0.6015027484375 0.664796765625 0.5895703453125 0.651903978125 0.6583690296875 0.6631077421875 0.705925365625
0 0.772798609375 0.66179051875 0.7830851187500001 0.6598772296875001 0.8314552765625001 0.6803788125 0.8607413625 0.6244478453125 0.8462399796875 0.5770282078125 0.792798475 0.546747059375 0.753105234375 0.603504884375 0.772798609375 0.66179051875
0 0.3049206921875 0.27675469218750004 0.3358364171875 0.256391409375 0.3297872546875 0.22527116875000003 0.2664885875 0.20408295 0.2409296 0.2628779109375 0.2582416171875 0.3193203953125 0.3179559953125 0.3269446453125 0.3049206921875 0.27675469218750004
1 0.3134024203125 0.2719966734375 0.32469551874999997 0.325491834375 0.354860228125 0.37182454531250003 0.38775306718749997 0.35683380468750003 0.40779583593749996 0.32039206249999996 0.399661115625 0.29249783125 0.3736786140625 0.2453521796875 0.3134024203125 0.2719966734375
0 0.0934400734375 0.46985012031249995 0.14646482656249998 0.48313148281249996 0.17571868906250002 0.42709118281249997 0.16100716718750002 0.3765265265625 0.10094005937499999 0.360569140625 0.07308721562500001 0.4126526734375 0.081546225 0.45337938906249997 0.0901929640625 0.45599714531249996 0.0934400734375 0.46985012031249995