2 0.9621139124999999 0.2988196109375 0.9600392015624999 0.24011088906250003 0.8874231937499999 0.2342400140625 0.872899896875 0.2894262203125 0.8770494781249999 0.348134965625 0.9455159046875 0.35635419687500003 0.9621139124999999 0.2988196109375
0 0.8054707453125 0.33404485781250004 0.803396034375 0.2812069875 0.7411537421875 0.2495043234375 0.7070860609375 0.3012610609375 0.710032596875 0.3540058390625 0.7681254671875 0.3786635390625 0.8054707453125 0.33404485781250004
1 0.6809861625 0.3164322328125 0.6768367390625001 0.26242020781250003 0.61770659375 0.2271949609375 0.5786900171875 0.27189838593750004 0.5813985109375001 0.3269998265625 0.6415660125 0.3575283546875 0.6809861625 0.3164322328125
1 0.6623134421875 0.42797884843749995 0.6560893078125 0.36574758749999997 0.5981439625 0.34383694375 0.5679126484375 0.389231084375 0.5699874390625 0.4502881875 0.631192296875 0.48081671718749996 0.6623134421875 0.42797884843749995
1 0.25151433125 0.47494584218749997 0.2452901171875 0.4209338171875 0.1923841859375 0.3821860546875 0.14421856093750002 0.42311617031250004 0.152964034375 0.48433927812500005 0.194458896875 0.5136936515625 0.25151433125 0.47494584218749997
1 0.115618675 0.42210797343750006 0.105244959375 0.3786635390625 0.04092795625 0.36809594687499997 0.0326826046875 0.434861240625 0.038853165625000005 0.486687590625 0.105244959375 0.48551343593749996 0.115618675 0.42210797343750006
1 0.6343044421874999 0.8659460703124999 0.63222973125 0.8283725093750001 0.595921728125 0.76614120625 0.5345944078125 0.8033628296875 0.534716790625 0.8553785671874999 0.57309950625 0.899997159375 0.6343044421874999 0.8659460703124999
1 0.8282928875 0.6358078125 0.858376759375 0.62289190625 0.8604514703125 0.5747507093750001 0.812732315625 0.519564525 0.7577517515625 0.5700540359375 0.755072459375 0.6125054343749999 0.78057389375 0.6005825640625 0.8023586 0.6052792828125 0.8282928875 0.6358078125
2 0.17993575781249999 0.685123209375 0.1820104703125 0.7309159578125 0.25316065781249997 0.727019871875 0.24840226406250002 0.6722072156250001 0.23906590468750002 0.6064534390625 0.1716367546875 0.613498515625 0.17993575781249999 0.685123209375
2 0.5181188624999999 0.3774893359375 0.5150067171875 0.31760643593750004 0.45898863749999996 0.28825206406250004 0.41527687343749997 0.3394325421875 0.415419065625 0.3868827265625 0.47766135781249996 0.4162371 0.5181188624999999 0.3774893359375
0 0.395708990625 0.5348287890625001 0.393634278125 0.4714233265625 0.3220556265625 0.4573332203125 0.3011470578125 0.51854486875 0.31168191093750003 0.5665315203125 0.37807370625000003 0.579447515625 0.395708990625 0.5348287890625001
0 0.7089951609375 0.706258303125 0.7089951609375 0.6440270890625001 0.6446781578125 0.619369390625 0.6188948390625 0.6844439906249999 0.62081858125 0.7332643609375 0.6872104546875 0.7532253 0.7089951609375 0.706258303125
0 0.8303677593750001 0.690994084375 0.8251809015625 0.6416786859375 0.7784991828125001 0.6017567671874999 0.728705315625 0.6498979640625 0.73691544375 0.7108704 0.7473780343749999 0.710955021875 0.7909476093750001 0.74030939375 0.8303677593750001 0.690994084375
0 0.32724248437500003 0.1649637015625 0.29093448125 0.2178015484375 0.29715869375000004 0.2765103140625 0.35432117500000004 0.2953885265625 0.3511020609375 0.24363345 0.385335275 0.22954329687500002 0.385335275 0.1978405890625 0.32724248437500003 0.1649637015625
1 0.41713275781250003 0.338046446875 0.44376069687499997 0.3060985828125 0.441097903125 0.27716466875 0.42458858906249997 0.22592752031250002 0.3603358296875 0.240581240625 0.361214084375 0.29524836875 0.38198388437499997 0.346485515625 0.41713275781250003 0.338046446875
0 0.13487657656250002 0.28698665156250003 0.0975974609375 0.332798690625 0.09813003125 0.374391196875 0.1061184140625 0.3786107328125 0.1066625921875 0.39282876718750004 0.156178928125 0.4159837140625 0.1955883078125 0.36655493125 0.19079527031250001 0.3141122 0.13487657656250002 0.28698665156250003