2 0.3125294328125 0.274461721875 0.30133005156250003 0.3304089625 0.3848044921875 0.3487367046875 0.3942355140625 0.3292254765625 0.42509310781250004 0.33527218593749997 0.42904292968749996 0.31254677656249996 0.46779562812500003 0.27109253906249997 0.36588631562499996 0.22023096875 0.3125294328125 0.274461721875
2 0.42961015468749997 0.312197840625 0.427829178125 0.33482918906250003 0.51272846875 0.3579979109375 0.503365753125 0.40826062343749997 0.57727886875 0.31946575 0.583244515625 0.30382847343749997 0.47850410468750004 0.25800024062500004 0.42961015468749997 0.312197840625
2 0.27112790000000003 0.3221633015625 0.2423276625 0.389297971875 0.23546529062500002 0.42779733125 0.3153815296875 0.4350507046875 0.3195488078125 0.4154452015625 0.362714075 0.41744830468750005 0.382179371875 0.3488750859375 0.27112790000000003 0.3221633015625
2 0.5113086203125 0.3577468734375 0.3951515859375 0.329058653125 0.3718143359375 0.3912071078125 0.36787360156250004 0.41803272187499996 0.44105391718750003 0.42590344687500004 0.45253774375000005 0.4775235234375 0.4960059421875 0.42631365 0.5113086203125 0.3577468734375
2 0.1893169171875 0.4232759171875 0.169047425 0.509485809375 0.27741840156249997 0.5189430390625 0.28389773749999997 0.6097071093750001 0.3048285296875 0.611893121875 0.3275091625 0.5120522234375 0.315394165625 0.4342834171875 0.1893169171875 0.4232759171875
2 0.4389206703125 0.42484855312500003 0.32054953125 0.41439720625 0.3141964546875 0.432847696875 0.326726121875 0.49823366562500004 0.32560799375 0.49354447187500006 0.329019953125 0.511807621875 0.3052938 0.6119920171875 0.347855809375 0.617644425 0.367329996875 0.5397515953124999 0.45339399062499997 0.503168290625 0.4389206703125 0.42484855312500003
2 0.206159109375 0.7279684921875 0.2330137515625 0.60431590625 0.2838249859375 0.607761559375 0.2773507046875 0.519261528125 0.1458477875 0.5111106015625 0.1211263859375 0.6342787578125 0.1255095921875 0.7234657796875 0.206159109375 0.7279684921875
2 0.1901440546875 0.8265911031250001 0.3134228859375 0.8482688953125 0.3215469828125 0.8420753640624999 0.3538222984375 0.7176841671874999 0.362915959375 0.6245728640625 0.23393604687499997 0.6030084109375 0.1901440546875 0.8265911031250001
2 0.379204478125 0.6063779640625 0.35958908125 0.6908642515625 0.35587292187499997 0.719365521875 0.32839515 0.8266022453125 0.46745271875 0.8527539000000001 0.4999177 0.722054403125 0.5130177312499999 0.6328784125 0.379204478125 0.6063779640625
2 0.3635036328125 0.6256209968750001 0.359254890625 0.6864585109375 0.3806762453125 0.6054295390625 0.4548973421875 0.6198433390625 0.5506877296875 0.5768536609375 0.467370578125 0.500561840625 0.368357646875 0.5421853296875 0.34725835 0.6221679546875001 0.3635036328125 0.6256209968750001
2 0.5266087046875 0.8278625109375 0.6162385546875 0.91026445 0.7110229078125 0.85548071875 0.7461623546875 0.7314804046875001 0.6575573703125001 0.6502126140625 0.5606096328125 0.6954459 0.5266087046875 0.8278625109375
2 0.7263247765624999 0.8053645140624999 0.770195475 0.819493421875 0.8173454843749999 0.6830599015625001 0.83525249375 0.615341328125 0.71028956875 0.5697063328125 0.673077509375 0.6428581953125 0.668903378125 0.654232296875 0.7463476390625 0.7333629828125 0.7263247765624999 0.8053645140624999
2 0.481688259375 0.6260187625 0.51376928125 0.63760606875 0.49067679843749995 0.7655294265625 0.5336319375 0.7993271890625 0.5616322484375 0.69614405 0.6562901546875 0.64746415 0.6686323125 0.6582618296875 0.6757338093749999 0.6413791953125 0.5882122546875 0.5628313046875 0.4900426015625 0.605996434375 0.481688259375 0.6260187625
2 0.619411334375 0.473896025 0.5028743453125 0.4205848109375 0.451453653125 0.4817916109375 0.454724603125 0.5049661000000001 0.4636754140625 0.501419146875 0.5507753265625001 0.5791962359375 0.5586057546875 0.5754111125 0.571676225 0.5359556171875 0.619411334375 0.473896025
2 0.54469531875 0.3626482140625 0.49902619843749996 0.42147031718749994 0.61071945 0.46796138593750003 0.6517384421875 0.4071989796875 0.54469531875 0.3626482140625
2 0.6514613765624999 0.4085024703125 0.6723267109375 0.4122563296875 0.6889868453125 0.350403421875 0.59012531875 0.3062611875 0.544418253125 0.3639517046875 0.6514613765624999 0.4085024703125
2 0.675407971875 0.41126471562500005 0.76424494375 0.45359219843750004 0.7592759609375 0.48523306718750003 0.7767438125 0.47191625156250006 0.795663515625 0.4820684703125 0.8213585953125 0.391482503125 0.714604621875 0.3510803359375 0.675407971875 0.41126471562500005
2 0.5595626953124999 0.5740209562499999 0.5884893203125 0.5615278171875 0.675727725 0.6386531359375 0.711831596875 0.5707153046875 0.722481109375 0.57570366875 0.729251009375 0.5355901484375 0.6178406812499999 0.478530890625 0.5675877640625 0.541417715625 0.5595626953124999 0.5740209562499999
2 0.8378170953125 0.6170484171874999 0.820865721875 0.6636317046875 0.8469609296874999 0.637384075 0.8787574250000001 0.5208474671875 0.76861815 0.4688267078125 0.716666453125 0.5231781734375 0.7299965125 0.5375917796875 0.7219616453125 0.5753928609375001 0.8205839546875 0.6099794562499999 0.8378170953125 0.6170484171874999
2 0.7609383484375 0.477412146875 0.7639617921874999 0.45216963125 0.6557983203125 0.407380728125 0.6122553984375 0.4662442734375 0.6184984171875 0.4758236359375 0.7177928890625 0.5261423453125 0.7609383484375 0.477412146875