2 0.392481165625 0.354445903125 0.3916197953125 0.331395884375 0.42090683437500004 0.28279038125 0.31064976875 0.254228396875 0.2697340703125 0.318367596875 0.2704115078125 0.3754207390625 0.3558723828125 0.3759926640625 0.3610407015625 0.3549469828125 0.392481165625 0.354445903125
2 0.48421851406250005 0.40956557031249996 0.5380549593749999 0.3073436765625 0.5406390703125 0.290807784375 0.42865926249999997 0.2677577640625 0.39210207656249996 0.330936640625 0.395065340625 0.353443725 0.48292642656250007 0.3584546 0.48421851406250005 0.40956557031249996
2 0.30591216875 0.474854340625 0.30591216875 0.45481083906249997 0.3485506390625 0.44779560625 0.3533333984375 0.3766738140625 0.2391549765625 0.3736346453125 0.22494217500000002 0.44529016875 0.2262342296875 0.4843749921875 0.30591216875 0.474854340625
2 0.353718925 0.4472945265625 0.426936490625 0.4397782140625 0.4489017859375 0.487882646875 0.48077296875000003 0.42875428437499996 0.4814854125 0.3585042515625 0.3619020703125 0.3545933421875 0.3519961859375 0.42023579218749996 0.353718925 0.4472945265625
2 0.31142948125 0.6522399328125 0.3323573828125 0.65002641875 0.3337843 0.547651715625 0.305765 0.47410119375 0.1801542546875 0.48954716718749997 0.17825174375 0.57808743125 0.2862208234375 0.5648064046875 0.31142948125 0.6522399328125
2 0.332833046875 0.65002641875 0.37564017656250004 0.6467061671875001 0.3784939765625 0.566466571875 0.45507116875 0.512788990625 0.42463053593750005 0.43918989843749995 0.30667313281249997 0.4535776828125 0.304294959375 0.472945865625 0.3301453296875 0.5342979296875 0.3280766984375 0.529943678125 0.3352112203125 0.547098346875 0.332833046875 0.65002641875
2 0.2862208234375 0.565132009375 0.1558968875 0.5845001937500001 0.15732380625 0.7101166984375 0.1801542546875 0.79644345 0.25997755312500004 0.784079790625 0.2605365375 0.657545915625 0.31095381718750004 0.6503520234375 0.2862208234375 0.565132009375
2 0.39656807656250004 0.8717026656250001 0.402275715625 0.7433192984375 0.3918117296875 0.6503520234375 0.2611668359375 0.6560752359375 0.264817259375 0.8838769765625001 0.38990921875 0.8794499468750001 0.39656807656250004 0.8717026656250001
2 0.400049553125 0.8551438578124999 0.5415056140625001 0.851812340625 0.5460872046875 0.7172190921875 0.5403602375000001 0.6272681625 0.40396137187500003 0.6291681515625 0.40234030625 0.71588648125 0.40463110156250004 0.7445375640624999 0.400049553125 0.8551438578124999
2 0.56555885625 0.5646356531250001 0.46820042187500005 0.5073336015625001 0.380005171875 0.5686334625 0.3759962671875 0.6512550671875 0.3926044796875 0.6512550671875 0.4010974125 0.7116464984374999 0.4052037890625 0.6279344546875001 0.48079977500000004 0.6266018437499999 0.56555885625 0.5646356531250001
2 0.7803201484375 0.8038384828125 0.7889105984375 0.675241971875 0.6853453218750001 0.6141720890625 0.5999206546875 0.6785734875 0.5941936890624999 0.8151656671874999 0.6989972390625 0.8771318328125 0.7803201484375 0.8038384828125
2 0.7201869984375 0.524461421875 0.6989972390625 0.6037515640625 0.69727913125 0.6157449640625 0.78948324375 0.6770448874999999 0.7848678890625 0.751636 0.8307174734375 0.7563349265625 0.8484710171875 0.6130797671875 0.8519072328125 0.5431179312500001 0.7201869984375 0.524461421875
2 0.6978517765625 0.6197428 0.7012879921875 0.6017526078125 0.59934796875 0.5431179312500001 0.5122980921875 0.6057504171875 0.5082891890625 0.627072175 0.5420783 0.6317362515625 0.5460872046875 0.7616653734375001 0.5951306203125 0.7857936984375 0.6010660765625 0.6790437671875 0.6835343609375 0.6117471546875 0.6978517765625 0.6197428
2 0.46476425 0.508940440625 0.5661315874999999 0.5669088234374999 0.5730039296875 0.5615783765625 0.5775855203125 0.520267575 0.6113745890625 0.449639446875 0.48630018750000004 0.4217226140625 0.4487287703125 0.4922828609375 0.4567464890625 0.5142708625 0.46476425 0.508940440625
2 0.5151615765625001 0.3563570015625 0.48272023906249995 0.42338884375 0.6016387625 0.4456416390625 0.6291281765625001 0.3776787078125 0.5151615765625001 0.3563570015625
2 0.6503180234375 0.3783450015625 0.6537541515624999 0.3143798921875 0.5478753000000001 0.2917567375 0.5151615765625001 0.35768961250000003 0.6291281765625001 0.3790113203125 0.6503180234375 0.3783450015625
2 0.7648573562500001 0.414991675 0.785474384375 0.420988415625 0.7917740828125 0.3270396625 0.67895285625 0.309715778125 0.653125784375 0.3767344265625 0.7488218328125 0.3996667078125 0.750539940625 0.43164925624999995 0.7648573562500001 0.414991675
2 0.733359040625 0.5277929390625 0.7316409328125 0.487148453125 0.6108019015624999 0.45449958749999997 0.5747220359375 0.526460353125 0.5736509296875 0.560019640625 0.59934796875 0.5417853218750001 0.7007152609375 0.599087384375 0.72190510625 0.525127740625 0.733359040625 0.5277929390625
2 0.7167507843750001 0.4776241859375 0.7327863078125 0.48895134531249995 0.7327863078125 0.527596925 0.836444440625 0.5409229890625 0.8547707156250001 0.5442545046875 0.84787498125 0.593344225 0.8679427562500001 0.5622446703125 0.8748150984375 0.441643803125 0.7562669078125 0.413659065625 0.7167507843750001 0.4776241859375
2 0.6331371234375001 0.3770123890625 0.6027841390625001 0.4436427078125 0.6108823937500001 0.45171474062500006 0.718468890625 0.48028938437499996 0.750539940625 0.4236536125 0.7482491015625 0.398334096875 0.6331371234375001 0.3770123890625