2 0.882119803125 0.3613863140625 0.9502576749999999 0.3719899828125 0.9688535 0.3150697078125 0.9688289578125 0.25632434375 0.896462075 0.2479227828125 0.8800216546874999 0.302568515625 0.882119803125 0.3613863140625
0 0.7149997734375 0.36142480625 0.7721967140625 0.3880948984375 0.8110764125 0.344806728125 0.8108469796875 0.2919286390625 0.7497490109375 0.2580730625 0.7138957984375 0.3086093265625 0.7149997734375 0.36142480625
1 0.58738654375 0.32994598124999996 0.6464519625 0.3625557265625 0.6872823328125001 0.32286038281249996 0.6850204296875 0.2687364484375 0.6271556484375 0.23146904687499997 0.5866027125 0.27478358125 0.58738654375 0.32994598124999996
1 0.571679721875 0.45276099687500004 0.631781865625 0.4854069484375 0.6647280671875 0.43368737968750004 0.6606795640625001 0.37127680937499996 0.6035341875 0.3473572484375 0.5717370578125001 0.3916686796875 0.571679721875 0.45276099687500004
1 0.153721990625 0.4722374375 0.1941671234375 0.5030220796875 0.25254007968750003 0.4662890796875 0.24820465 0.4120927359375 0.196683225 0.3715221859375 0.14711849999999999 0.4107464125 0.153721990625 0.4722374375
1 0.0395986796875 0.4706019078125 0.1059910078125 0.4717455078125 0.118571221875 0.40874070781249994 0.109720015625 0.3649607015625 0.045810995312500005 0.352154915625 0.0352405921875 0.41859177968749994 0.0395986796875 0.4706019078125
1 0.522293109375 0.856373678125 0.5590952765625 0.902304628125 0.6214512937500001 0.870410303125 0.6206891453125001 0.832787225 0.5865751015625 0.7693266999999999 0.5239861234375 0.8043853562500001 0.522293109375 0.856373678125
1 0.7551498859375 0.5790067671875 0.75099069375 0.6213388 0.7768926953124999 0.6103131796875 0.7985002171875 0.6157673124999999 0.8233532765625 0.6471823390625 0.8538695796875 0.6353242125 0.8576231312499999 0.5872847484375 0.8118590156250001 0.5304668078125 0.7551498859375 0.5790067671875
2 0.2355096875 0.597282121875 0.16787574375 0.6019696640625 0.173670025 0.67384035625 0.17414532968750002 0.719677615625 0.24538814687500002 0.718267009375 0.2425455859375 0.6633216765625 0.2355096875 0.597282121875
2 0.4194183265625 0.383999803125 0.4805982484375 0.41550851875 0.5223833859375 0.3781963046875 0.52136301875 0.318241271875 0.46640351718749995 0.2869497796875 0.4209322078125 0.3365735609375 0.4194183265625 0.383999803125
0 0.3094747125 0.559918784375 0.3753753015625 0.5751439515625 0.3945570140625 0.53116786875 0.394696384375 0.467728625 0.323653075 0.4511490421875 0.3006209875 0.5115937046875 0.3094747125 0.559918784375
0 0.6126041734375 0.7373387703125001 0.678258975 0.7596045921875 0.7016695359375 0.7134264828125 0.7038413734375 0.651233178125 0.6404240921875 0.6243458687500001 0.6123854093750001 0.6884810031249999 0.6126041734375 0.7373387703125001
0 0.72941185 0.7190101734375001 0.7398651140625 0.7194598828125 0.7823836953125001 0.750316928125 0.8235009109375 0.7024074046875 0.8200382953125 0.6529410296875 0.77477826875 0.6114142609375001 0.72333463125 0.65778835 0.72941185 0.7190101734375001
0 0.36013982968749997 0.2385931578125 0.394843928125 0.22570631093750002 0.3959503375 0.19402291562500001 0.339040321875 0.15913864687499998 0.300910421875 0.210677175 0.3050819375 0.2695673984375 0.36155075625 0.290429053125 0.36013982968749997 0.2385931578125
1 0.36947449374999997 0.2358650625 0.36844435781249996 0.2905295390625 0.3874133546875 0.3424603296875 0.4228353359375 0.3352530796875 0.45056201875 0.3042539796875 0.448910625 0.2752447609375 0.43419951875 0.2234626578125 0.36947449374999997 0.2358650625
0 0.11064242500000002 0.37916677499999996 0.1593205 0.4040357125 0.20043091249999997 0.3560124078125 0.1974710203125 0.3034343484375 0.1425330578125 0.2743737890625 0.10367783593749999 0.3188568984375 0.1027585234375 0.36044265468750003 0.1105947796875 0.3649384109375 0.11064242500000002 0.37916677499999996